Матриця a[4,4]:
   9.40    9.80   -2.40    5.20 
  -2.40    7.00   -8.00    9.20 
  -8.80    4.00    7.60   -8.00 
   2.80   -3.60    4.80   -4.00 
Відсортована матриця:
  -2.40    5.20    9.40    9.80 
  -8.00   -2.40    7.00    9.20 
  -8.80   -8.00    4.00    7.60 
   2.80   -3.60    4.80   -4.00 
